{
 "cells": [
  {
   "cell_type": "code",
   "execution_count": 1,
   "metadata": {},
   "outputs": [],
   "source": [
    "import  numpy as np\n",
    "import pandas as pd\n",
    "import matplotlib.pyplot as plt\n",
    "import  matplotlib as mpl\n",
    "import matplotlib.patches as mpaches\n",
    "from  sklearn.pipeline  import Pipeline\n",
    "from  sklearn.neighbors  import KNeighborsClassifier\n",
    "from  sklearn.linear_model  import  LogisticRegression #逻辑回归\n",
    "from  sklearn.preprocessing  import StandardScaler,PolynomialFeatures\n",
    "\n",
    "%matplotlib inline "
   ]
  },
  {
   "cell_type": "code",
   "execution_count": 2,
   "metadata": {},
   "outputs": [],
   "source": [
    "path=r\"../datas/iris.data\""
   ]
  },
  {
   "cell_type": "code",
   "execution_count": 3,
   "metadata": {},
   "outputs": [
    {
     "data": {
      "text/html": "<div>\n<style scoped>\n    .dataframe tbody tr th:only-of-type {\n        vertical-align: middle;\n    }\n\n    .dataframe tbody tr th {\n        vertical-align: top;\n    }\n\n    .dataframe thead th {\n        text-align: right;\n    }\n</style>\n<table border=\"1\" class=\"dataframe\">\n  <thead>\n    <tr style=\"text-align: right;\">\n      <th></th>\n      <th>0</th>\n      <th>1</th>\n      <th>2</th>\n      <th>3</th>\n      <th>4</th>\n    </tr>\n  </thead>\n  <tbody>\n    <tr>\n      <td>0</td>\n      <td>5.1</td>\n      <td>3.5</td>\n      <td>1.4</td>\n      <td>0.2</td>\n      <td>Iris-setosa</td>\n    </tr>\n    <tr>\n      <td>1</td>\n      <td>4.9</td>\n      <td>3.0</td>\n      <td>1.4</td>\n      <td>0.2</td>\n      <td>Iris-setosa</td>\n    </tr>\n    <tr>\n      <td>2</td>\n      <td>4.7</td>\n      <td>3.2</td>\n      <td>1.3</td>\n      <td>0.2</td>\n      <td>Iris-setosa</td>\n    </tr>\n    <tr>\n      <td>3</td>\n      <td>4.6</td>\n      <td>3.1</td>\n      <td>1.5</td>\n      <td>0.2</td>\n      <td>Iris-setosa</td>\n    </tr>\n    <tr>\n      <td>4</td>\n      <td>5.0</td>\n      <td>3.6</td>\n      <td>1.4</td>\n      <td>0.2</td>\n      <td>Iris-setosa</td>\n    </tr>\n    <tr>\n      <td>...</td>\n      <td>...</td>\n      <td>...</td>\n      <td>...</td>\n      <td>...</td>\n      <td>...</td>\n    </tr>\n    <tr>\n      <td>145</td>\n      <td>6.7</td>\n      <td>3.0</td>\n      <td>5.2</td>\n      <td>2.3</td>\n      <td>Iris-virginica</td>\n    </tr>\n    <tr>\n      <td>146</td>\n      <td>6.3</td>\n      <td>2.5</td>\n      <td>5.0</td>\n      <td>1.9</td>\n      <td>Iris-virginica</td>\n    </tr>\n    <tr>\n      <td>147</td>\n      <td>6.5</td>\n      <td>3.0</td>\n      <td>5.2</td>\n      <td>2.0</td>\n      <td>Iris-virginica</td>\n    </tr>\n    <tr>\n      <td>148</td>\n      <td>6.2</td>\n      <td>3.4</td>\n      <td>5.4</td>\n      <td>2.3</td>\n      <td>Iris-virginica</td>\n    </tr>\n    <tr>\n      <td>149</td>\n      <td>5.9</td>\n      <td>3.0</td>\n      <td>5.1</td>\n      <td>1.8</td>\n      <td>Iris-virginica</td>\n    </tr>\n  </tbody>\n</table>\n<p>150 rows × 5 columns</p>\n</div>",
      "text/plain": "       0    1    2    3               4\n0    5.1  3.5  1.4  0.2     Iris-setosa\n1    4.9  3.0  1.4  0.2     Iris-setosa\n2    4.7  3.2  1.3  0.2     Iris-setosa\n3    4.6  3.1  1.5  0.2     Iris-setosa\n4    5.0  3.6  1.4  0.2     Iris-setosa\n..   ...  ...  ...  ...             ...\n145  6.7  3.0  5.2  2.3  Iris-virginica\n146  6.3  2.5  5.0  1.9  Iris-virginica\n147  6.5  3.0  5.2  2.0  Iris-virginica\n148  6.2  3.4  5.4  2.3  Iris-virginica\n149  5.9  3.0  5.1  1.8  Iris-virginica\n\n[150 rows x 5 columns]"
     },
     "execution_count": 3,
     "metadata": {},
     "output_type": "execute_result"
    }
   ],
   "source": [
    "data=pd.read_csv(path,header=None)\n",
    "data"
   ]
  },
  {
   "cell_type": "code",
   "execution_count": 4,
   "metadata": {},
   "outputs": [
    {
     "data": {
      "text/html": "<div>\n<style scoped>\n    .dataframe tbody tr th:only-of-type {\n        vertical-align: middle;\n    }\n\n    .dataframe tbody tr th {\n        vertical-align: top;\n    }\n\n    .dataframe thead th {\n        text-align: right;\n    }\n</style>\n<table border=\"1\" class=\"dataframe\">\n  <thead>\n    <tr style=\"text-align: right;\">\n      <th></th>\n      <th>0</th>\n      <th>1</th>\n      <th>2</th>\n      <th>3</th>\n      <th>4</th>\n    </tr>\n  </thead>\n  <tbody>\n    <tr>\n      <td>0</td>\n      <td>5.1</td>\n      <td>3.5</td>\n      <td>1.4</td>\n      <td>0.2</td>\n      <td>0</td>\n    </tr>\n    <tr>\n      <td>1</td>\n      <td>4.9</td>\n      <td>3.0</td>\n      <td>1.4</td>\n      <td>0.2</td>\n      <td>0</td>\n    </tr>\n    <tr>\n      <td>2</td>\n      <td>4.7</td>\n      <td>3.2</td>\n      <td>1.3</td>\n      <td>0.2</td>\n      <td>0</td>\n    </tr>\n    <tr>\n      <td>3</td>\n      <td>4.6</td>\n      <td>3.1</td>\n      <td>1.5</td>\n      <td>0.2</td>\n      <td>0</td>\n    </tr>\n    <tr>\n      <td>4</td>\n      <td>5.0</td>\n      <td>3.6</td>\n      <td>1.4</td>\n      <td>0.2</td>\n      <td>0</td>\n    </tr>\n    <tr>\n      <td>...</td>\n      <td>...</td>\n      <td>...</td>\n      <td>...</td>\n      <td>...</td>\n      <td>...</td>\n    </tr>\n    <tr>\n      <td>145</td>\n      <td>6.7</td>\n      <td>3.0</td>\n      <td>5.2</td>\n      <td>2.3</td>\n      <td>2</td>\n    </tr>\n    <tr>\n      <td>146</td>\n      <td>6.3</td>\n      <td>2.5</td>\n      <td>5.0</td>\n      <td>1.9</td>\n      <td>2</td>\n    </tr>\n    <tr>\n      <td>147</td>\n      <td>6.5</td>\n      <td>3.0</td>\n      <td>5.2</td>\n      <td>2.0</td>\n      <td>2</td>\n    </tr>\n    <tr>\n      <td>148</td>\n      <td>6.2</td>\n      <td>3.4</td>\n      <td>5.4</td>\n      <td>2.3</td>\n      <td>2</td>\n    </tr>\n    <tr>\n      <td>149</td>\n      <td>5.9</td>\n      <td>3.0</td>\n      <td>5.1</td>\n      <td>1.8</td>\n      <td>2</td>\n    </tr>\n  </tbody>\n</table>\n<p>150 rows × 5 columns</p>\n</div>",
      "text/plain": "       0    1    2    3  4\n0    5.1  3.5  1.4  0.2  0\n1    4.9  3.0  1.4  0.2  0\n2    4.7  3.2  1.3  0.2  0\n3    4.6  3.1  1.5  0.2  0\n4    5.0  3.6  1.4  0.2  0\n..   ...  ...  ...  ... ..\n145  6.7  3.0  5.2  2.3  2\n146  6.3  2.5  5.0  1.9  2\n147  6.5  3.0  5.2  2.0  2\n148  6.2  3.4  5.4  2.3  2\n149  5.9  3.0  5.1  1.8  2\n\n[150 rows x 5 columns]"
     },
     "execution_count": 4,
     "metadata": {},
     "output_type": "execute_result"
    }
   ],
   "source": [
    "data[4]=pd.Categorical(data[4]).codes #第四列，类型转化为编号\n",
    "data"
   ]
  },
  {
   "cell_type": "code",
   "execution_count": 5,
   "metadata": {},
   "outputs": [],
   "source": [
    "x,y=np.split(data.values,(4,),axis=1) #列的维度，进行数据切割"
   ]
  },
  {
   "cell_type": "code",
   "execution_count": 7,
   "metadata": {},
   "outputs": [
    {
     "data": {
      "text/plain": [
       "array([[ 5.1,  3.5,  1.4,  0.2],\n       [ 4.9,  3. ,  1.4,  0.2],\n       [ 4.7,  3.2,  1.3,  0.2],\n       [ 4.6,  3.1,  1.5,  0.2],\n       [ 5. ,  3.6,  1.4,  0.2],\n       [ 5.4,  3.9,  1.7,  0.4],\n       [ 4.6,  3.4,  1.4,  0.3],\n       [ 5. ,  3.4,  1.5,  0.2],\n       [ 4.4,  2.9,  1.4,  0.2],\n       [ 4.9,  3.1,  1.5,  0.1],\n       [ 5.4,  3.7,  1.5,  0.2],\n       [ 4.8,  3.4,  1.6,  0.2],\n       [ 4.8,  3. ,  1.4,  0.1],\n       [ 4.3,  3. ,  1.1,  0.1],\n       [ 5.8,  4. ,  1.2,  0.2],\n       [ 5.7,  4.4,  1.5,  0.4],\n       [ 5.4,  3.9,  1.3,  0.4],\n       [ 5.1,  3.5,  1.4,  0.3],\n       [ 5.7,  3.8,  1.7,  0.3],\n       [ 5.1,  3.8,  1.5,  0.3],\n       [ 5.4,  3.4,  1.7,  0.2],\n       [ 5.1,  3.7,  1.5,  0.4],\n       [ 4.6,  3.6,  1. ,  0.2],\n       [ 5.1,  3.3,  1.7,  0.5],\n       [ 4.8,  3.4,  1.9,  0.2],\n       [ 5. ,  3. ,  1.6,  0.2],\n       [ 5. ,  3.4,  1.6,  0.4],\n       [ 5.2,  3.5,  1.5,  0.2],\n       [ 5.2,  3.4,  1.4,  0.2],\n       [ 4.7,  3.2,  1.6,  0.2],\n       [ 4.8,  3.1,  1.6,  0.2],\n       [ 5.4,  3.4,  1.5,  0.4],\n       [ 5.2,  4.1,  1.5,  0.1],\n       [ 5.5,  4.2,  1.4,  0.2],\n       [ 4.9,  3.1,  1.5,  0.1],\n       [ 5. ,  3.2,  1.2,  0.2],\n       [ 5.5,  3.5,  1.3,  0.2],\n       [ 4.9,  3.1,  1.5,  0.1],\n       [ 4.4,  3. ,  1.3,  0.2],\n       [ 5.1,  3.4,  1.5,  0.2],\n       [ 5. ,  3.5,  1.3,  0.3],\n       [ 4.5,  2.3,  1.3,  0.3],\n       [ 4.4,  3.2,  1.3,  0.2],\n       [ 5. ,  3.5,  1.6,  0.6],\n       [ 5.1,  3.8,  1.9,  0.4],\n       [ 4.8,  3. ,  1.4,  0.3],\n       [ 5.1,  3.8,  1.6,  0.2],\n       [ 4.6,  3.2,  1.4,  0.2],\n       [ 5.3,  3.7,  1.5,  0.2],\n       [ 5. ,  3.3,  1.4,  0.2],\n       [ 7. ,  3.2,  4.7,  1.4],\n       [ 6.4,  3.2,  4.5,  1.5],\n       [ 6.9,  3.1,  4.9,  1.5],\n       [ 5.5,  2.3,  4. ,  1.3],\n       [ 6.5,  2.8,  4.6,  1.5],\n       [ 5.7,  2.8,  4.5,  1.3],\n       [ 6.3,  3.3,  4.7,  1.6],\n       [ 4.9,  2.4,  3.3,  1. ],\n       [ 6.6,  2.9,  4.6,  1.3],\n       [ 5.2,  2.7,  3.9,  1.4],\n       [ 5. ,  2. ,  3.5,  1. ],\n       [ 5.9,  3. ,  4.2,  1.5],\n       [ 6. ,  2.2,  4. ,  1. ],\n       [ 6.1,  2.9,  4.7,  1.4],\n       [ 5.6,  2.9,  3.6,  1.3],\n       [ 6.7,  3.1,  4.4,  1.4],\n       [ 5.6,  3. ,  4.5,  1.5],\n       [ 5.8,  2.7,  4.1,  1. ],\n       [ 6.2,  2.2,  4.5,  1.5],\n       [ 5.6,  2.5,  3.9,  1.1],\n       [ 5.9,  3.2,  4.8,  1.8],\n       [ 6.1,  2.8,  4. ,  1.3],\n       [ 6.3,  2.5,  4.9,  1.5],\n       [ 6.1,  2.8,  4.7,  1.2],\n       [ 6.4,  2.9,  4.3,  1.3],\n       [ 6.6,  3. ,  4.4,  1.4],\n       [ 6.8,  2.8,  4.8,  1.4],\n       [ 6.7,  3. ,  5. ,  1.7],\n       [ 6. ,  2.9,  4.5,  1.5],\n       [ 5.7,  2.6,  3.5,  1. ],\n       [ 5.5,  2.4,  3.8,  1.1],\n       [ 5.5,  2.4,  3.7,  1. ],\n       [ 5.8,  2.7,  3.9,  1.2],\n       [ 6. ,  2.7,  5.1,  1.6],\n       [ 5.4,  3. ,  4.5,  1.5],\n       [ 6. ,  3.4,  4.5,  1.6],\n       [ 6.7,  3.1,  4.7,  1.5],\n       [ 6.3,  2.3,  4.4,  1.3],\n       [ 5.6,  3. ,  4.1,  1.3],\n       [ 5.5,  2.5,  4. ,  1.3],\n       [ 5.5,  2.6,  4.4,  1.2],\n       [ 6.1,  3. ,  4.6,  1.4],\n       [ 5.8,  2.6,  4. ,  1.2],\n       [ 5. ,  2.3,  3.3,  1. ],\n       [ 5.6,  2.7,  4.2,  1.3],\n       [ 5.7,  3. ,  4.2,  1.2],\n       [ 5.7,  2.9,  4.2,  1.3],\n       [ 6.2,  2.9,  4.3,  1.3],\n       [ 5.1,  2.5,  3. ,  1.1],\n       [ 5.7,  2.8,  4.1,  1.3],\n       [ 6.3,  3.3,  6. ,  2.5],\n       [ 5.8,  2.7,  5.1,  1.9],\n       [ 7.1,  3. ,  5.9,  2.1],\n       [ 6.3,  2.9,  5.6,  1.8],\n       [ 6.5,  3. ,  5.8,  2.2],\n       [ 7.6,  3. ,  6.6,  2.1],\n       [ 4.9,  2.5,  4.5,  1.7],\n       [ 7.3,  2.9,  6.3,  1.8],\n       [ 6.7,  2.5,  5.8,  1.8],\n       [ 7.2,  3.6,  6.1,  2.5],\n       [ 6.5,  3.2,  5.1,  2. ],\n       [ 6.4,  2.7,  5.3,  1.9],\n       [ 6.8,  3. ,  5.5,  2.1],\n       [ 5.7,  2.5,  5. ,  2. ],\n       [ 5.8,  2.8,  5.1,  2.4],\n       [ 6.4,  3.2,  5.3,  2.3],\n       [ 6.5,  3. ,  5.5,  1.8],\n       [ 7.7,  3.8,  6.7,  2.2],\n       [ 7.7,  2.6,  6.9,  2.3],\n       [ 6. ,  2.2,  5. ,  1.5],\n       [ 6.9,  3.2,  5.7,  2.3],\n       [ 5.6,  2.8,  4.9,  2. ],\n       [ 7.7,  2.8,  6.7,  2. ],\n       [ 6.3,  2.7,  4.9,  1.8],\n       [ 6.7,  3.3,  5.7,  2.1],\n       [ 7.2,  3.2,  6. ,  1.8],\n       [ 6.2,  2.8,  4.8,  1.8],\n       [ 6.1,  3. ,  4.9,  1.8],\n       [ 6.4,  2.8,  5.6,  2.1],\n       [ 7.2,  3. ,  5.8,  1.6],\n       [ 7.4,  2.8,  6.1,  1.9],\n       [ 7.9,  3.8,  6.4,  2. ],\n       [ 6.4,  2.8,  5.6,  2.2],\n       [ 6.3,  2.8,  5.1,  1.5],\n       [ 6.1,  2.6,  5.6,  1.4],\n       [ 7.7,  3. ,  6.1,  2.3],\n       [ 6.3,  3.4,  5.6,  2.4],\n       [ 6.4,  3.1,  5.5,  1.8],\n       [ 6. ,  3. ,  4.8,  1.8],\n       [ 6.9,  3.1,  5.4,  2.1],\n       [ 6.7,  3.1,  5.6,  2.4],\n       [ 6.9,  3.1,  5.1,  2.3],\n       [ 5.8,  2.7,  5.1,  1.9],\n       [ 6.8,  3.2,  5.9,  2.3],\n       [ 6.7,  3.3,  5.7,  2.5],\n       [ 6.7,  3. ,  5.2,  2.3],\n       [ 6.3,  2.5,  5. ,  1.9],\n       [ 6.5,  3. ,  5.2,  2. ],\n       [ 6.2,  3.4,  5.4,  2.3],\n       [ 5.9,  3. ,  5.1,  1.8]])"
      ]
     },
     "execution_count": 7,
     "metadata": {},
     "output_type": "execute_result"
    }
   ],
   "source": [
    "x"
   ]
  },
  {
   "cell_type": "code",
   "execution_count": 8,
   "metadata": {},
   "outputs": [
    {
     "data": {
      "text/plain": [
       "array([[ 0.],\n       [ 0.],\n       [ 0.],\n       [ 0.],\n       [ 0.],\n       [ 0.],\n       [ 0.],\n       [ 0.],\n       [ 0.],\n       [ 0.],\n       [ 0.],\n       [ 0.],\n       [ 0.],\n       [ 0.],\n       [ 0.],\n       [ 0.],\n       [ 0.],\n       [ 0.],\n       [ 0.],\n       [ 0.],\n       [ 0.],\n       [ 0.],\n       [ 0.],\n       [ 0.],\n       [ 0.],\n       [ 0.],\n       [ 0.],\n       [ 0.],\n       [ 0.],\n       [ 0.],\n       [ 0.],\n       [ 0.],\n       [ 0.],\n       [ 0.],\n       [ 0.],\n       [ 0.],\n       [ 0.],\n       [ 0.],\n       [ 0.],\n       [ 0.],\n       [ 0.],\n       [ 0.],\n       [ 0.],\n       [ 0.],\n       [ 0.],\n       [ 0.],\n       [ 0.],\n       [ 0.],\n       [ 0.],\n       [ 0.],\n       [ 1.],\n       [ 1.],\n       [ 1.],\n       [ 1.],\n       [ 1.],\n       [ 1.],\n       [ 1.],\n       [ 1.],\n       [ 1.],\n       [ 1.],\n       [ 1.],\n       [ 1.],\n       [ 1.],\n       [ 1.],\n       [ 1.],\n       [ 1.],\n       [ 1.],\n       [ 1.],\n       [ 1.],\n       [ 1.],\n       [ 1.],\n       [ 1.],\n       [ 1.],\n       [ 1.],\n       [ 1.],\n       [ 1.],\n       [ 1.],\n       [ 1.],\n       [ 1.],\n       [ 1.],\n       [ 1.],\n       [ 1.],\n       [ 1.],\n       [ 1.],\n       [ 1.],\n       [ 1.],\n       [ 1.],\n       [ 1.],\n       [ 1.],\n       [ 1.],\n       [ 1.],\n       [ 1.],\n       [ 1.],\n       [ 1.],\n       [ 1.],\n       [ 1.],\n       [ 1.],\n       [ 1.],\n       [ 1.],\n       [ 1.],\n       [ 2.],\n       [ 2.],\n       [ 2.],\n       [ 2.],\n       [ 2.],\n       [ 2.],\n       [ 2.],\n       [ 2.],\n       [ 2.],\n       [ 2.],\n       [ 2.],\n       [ 2.],\n       [ 2.],\n       [ 2.],\n       [ 2.],\n       [ 2.],\n       [ 2.],\n       [ 2.],\n       [ 2.],\n       [ 2.],\n       [ 2.],\n       [ 2.],\n       [ 2.],\n       [ 2.],\n       [ 2.],\n       [ 2.],\n       [ 2.],\n       [ 2.],\n       [ 2.],\n       [ 2.],\n       [ 2.],\n       [ 2.],\n       [ 2.],\n       [ 2.],\n       [ 2.],\n       [ 2.],\n       [ 2.],\n       [ 2.],\n       [ 2.],\n       [ 2.],\n       [ 2.],\n       [ 2.],\n       [ 2.],\n       [ 2.],\n       [ 2.],\n       [ 2.],\n       [ 2.],\n       [ 2.],\n       [ 2.],\n       [ 2.]])"
      ]
     },
     "execution_count": 8,
     "metadata": {},
     "output_type": "execute_result"
    }
   ],
   "source": [
    "y"
   ]
  },
  {
   "cell_type": "code",
   "execution_count": 9,
   "metadata": {},
   "outputs": [
    {
     "data": {
      "text/plain": [
       "array([[ 5.1,  3.5],\n       [ 4.9,  3. ],\n       [ 4.7,  3.2],\n       [ 4.6,  3.1],\n       [ 5. ,  3.6],\n       [ 5.4,  3.9],\n       [ 4.6,  3.4],\n       [ 5. ,  3.4],\n       [ 4.4,  2.9],\n       [ 4.9,  3.1],\n       [ 5.4,  3.7],\n       [ 4.8,  3.4],\n       [ 4.8,  3. ],\n       [ 4.3,  3. ],\n       [ 5.8,  4. ],\n       [ 5.7,  4.4],\n       [ 5.4,  3.9],\n       [ 5.1,  3.5],\n       [ 5.7,  3.8],\n       [ 5.1,  3.8],\n       [ 5.4,  3.4],\n       [ 5.1,  3.7],\n       [ 4.6,  3.6],\n       [ 5.1,  3.3],\n       [ 4.8,  3.4],\n       [ 5. ,  3. ],\n       [ 5. ,  3.4],\n       [ 5.2,  3.5],\n       [ 5.2,  3.4],\n       [ 4.7,  3.2],\n       [ 4.8,  3.1],\n       [ 5.4,  3.4],\n       [ 5.2,  4.1],\n       [ 5.5,  4.2],\n       [ 4.9,  3.1],\n       [ 5. ,  3.2],\n       [ 5.5,  3.5],\n       [ 4.9,  3.1],\n       [ 4.4,  3. ],\n       [ 5.1,  3.4],\n       [ 5. ,  3.5],\n       [ 4.5,  2.3],\n       [ 4.4,  3.2],\n       [ 5. ,  3.5],\n       [ 5.1,  3.8],\n       [ 4.8,  3. ],\n       [ 5.1,  3.8],\n       [ 4.6,  3.2],\n       [ 5.3,  3.7],\n       [ 5. ,  3.3],\n       [ 7. ,  3.2],\n       [ 6.4,  3.2],\n       [ 6.9,  3.1],\n       [ 5.5,  2.3],\n       [ 6.5,  2.8],\n       [ 5.7,  2.8],\n       [ 6.3,  3.3],\n       [ 4.9,  2.4],\n       [ 6.6,  2.9],\n       [ 5.2,  2.7],\n       [ 5. ,  2. ],\n       [ 5.9,  3. ],\n       [ 6. ,  2.2],\n       [ 6.1,  2.9],\n       [ 5.6,  2.9],\n       [ 6.7,  3.1],\n       [ 5.6,  3. ],\n       [ 5.8,  2.7],\n       [ 6.2,  2.2],\n       [ 5.6,  2.5],\n       [ 5.9,  3.2],\n       [ 6.1,  2.8],\n       [ 6.3,  2.5],\n       [ 6.1,  2.8],\n       [ 6.4,  2.9],\n       [ 6.6,  3. ],\n       [ 6.8,  2.8],\n       [ 6.7,  3. ],\n       [ 6. ,  2.9],\n       [ 5.7,  2.6],\n       [ 5.5,  2.4],\n       [ 5.5,  2.4],\n       [ 5.8,  2.7],\n       [ 6. ,  2.7],\n       [ 5.4,  3. ],\n       [ 6. ,  3.4],\n       [ 6.7,  3.1],\n       [ 6.3,  2.3],\n       [ 5.6,  3. ],\n       [ 5.5,  2.5],\n       [ 5.5,  2.6],\n       [ 6.1,  3. ],\n       [ 5.8,  2.6],\n       [ 5. ,  2.3],\n       [ 5.6,  2.7],\n       [ 5.7,  3. ],\n       [ 5.7,  2.9],\n       [ 6.2,  2.9],\n       [ 5.1,  2.5],\n       [ 5.7,  2.8],\n       [ 6.3,  3.3],\n       [ 5.8,  2.7],\n       [ 7.1,  3. ],\n       [ 6.3,  2.9],\n       [ 6.5,  3. ],\n       [ 7.6,  3. ],\n       [ 4.9,  2.5],\n       [ 7.3,  2.9],\n       [ 6.7,  2.5],\n       [ 7.2,  3.6],\n       [ 6.5,  3.2],\n       [ 6.4,  2.7],\n       [ 6.8,  3. ],\n       [ 5.7,  2.5],\n       [ 5.8,  2.8],\n       [ 6.4,  3.2],\n       [ 6.5,  3. ],\n       [ 7.7,  3.8],\n       [ 7.7,  2.6],\n       [ 6. ,  2.2],\n       [ 6.9,  3.2],\n       [ 5.6,  2.8],\n       [ 7.7,  2.8],\n       [ 6.3,  2.7],\n       [ 6.7,  3.3],\n       [ 7.2,  3.2],\n       [ 6.2,  2.8],\n       [ 6.1,  3. ],\n       [ 6.4,  2.8],\n       [ 7.2,  3. ],\n       [ 7.4,  2.8],\n       [ 7.9,  3.8],\n       [ 6.4,  2.8],\n       [ 6.3,  2.8],\n       [ 6.1,  2.6],\n       [ 7.7,  3. ],\n       [ 6.3,  3.4],\n       [ 6.4,  3.1],\n       [ 6. ,  3. ],\n       [ 6.9,  3.1],\n       [ 6.7,  3.1],\n       [ 6.9,  3.1],\n       [ 5.8,  2.7],\n       [ 6.8,  3.2],\n       [ 6.7,  3.3],\n       [ 6.7,  3. ],\n       [ 6.3,  2.5],\n       [ 6.5,  3. ],\n       [ 6.2,  3.4],\n       [ 5.9,  3. ]])"
      ]
     },
     "execution_count": 9,
     "metadata": {},
     "output_type": "execute_result"
    }
   ],
   "source": [
    "x=x[:,:2] #选择两个特征\n",
    "x"
   ]
  },
  {
   "cell_type": "code",
   "execution_count": 6,
   "metadata": {},
   "outputs": [
    {
     "data": {
      "text/plain": "Pipeline(memory=None,\n         steps=[('sc',\n                 StandardScaler(copy=True, with_mean=True, with_std=True)),\n                ('poly',\n                 PolynomialFeatures(degree=2, include_bias=True,\n                                    interaction_only=False, order='C')),\n                ('clf',\n                 LogisticRegression(C=1.0, class_weight=None, dual=False,\n                                    fit_intercept=True, intercept_scaling=1,\n                                    l1_ratio=None, max_iter=100,\n                                    multi_class='warn', n_jobs=None,\n                                    penalty='l2', random_state=None,\n                                    solver='warn', tol=0.0001, verbose=0,\n                                    warm_start=False))],\n         verbose=False)"
     },
     "execution_count": 6,
     "metadata": {},
     "output_type": "execute_result"
    }
   ],
   "source": [
    "lr=Pipeline([(\"sc\",StandardScaler()),\n",
    "             (\"poly\",PolynomialFeatures(degree=2)),\n",
    "             (\"clf\",LogisticRegression())]) #处理数据\n",
    "lr.fit(x,y.ravel()) #训练数据"
   ]
  },
  {
   "cell_type": "code",
   "execution_count": 7,
   "metadata": {},
   "outputs": [],
   "source": [
    "y_new=lr.predict(x)#预测数据"
   ]
  },
  {
   "cell_type": "code",
   "execution_count": 8,
   "metadata": {},
   "outputs": [
    {
     "data": {
      "text/plain": "0.98"
     },
     "execution_count": 8,
     "metadata": {},
     "output_type": "execute_result"
    }
   ],
   "source": [
    "np.mean(y_new==y.ravel()) #精确度为81%"
   ]
  },
  {
   "cell_type": "code",
   "execution_count": 9,
   "metadata": {},
   "outputs": [
    {
     "data": {
      "text/plain": "0.96"
     },
     "execution_count": 9,
     "metadata": {},
     "output_type": "execute_result"
    }
   ],
   "source": [
    "lr=Pipeline([(\"sc\",StandardScaler()),\n",
    "             (\"poly\",PolynomialFeatures(degree=2)),\n",
    "             (\"clf\",KNeighborsClassifier())]) #处理数据\n",
    "lr.fit(x,y.ravel()) #训练数据\n",
    "y_new=lr.predict(x)#预测数据\n",
    "np.mean(y_new==y.ravel()) #精确度为82.6%"
   ]
  },
  {
   "cell_type": "code",
   "execution_count": 10,
   "metadata": {},
   "outputs": [
    {
     "data": {
      "text/plain": "0.98"
     },
     "execution_count": 10,
     "metadata": {},
     "output_type": "execute_result"
    }
   ],
   "source": [
    "lr=Pipeline([(\"sc\",StandardScaler()),\n",
    "             (\"poly\",PolynomialFeatures(degree=2)),\n",
    "             (\"clf\",LogisticRegression())]) #处理数据\n",
    "lr.fit(x,y.ravel()) #训练数据\n",
    "y_new=lr.predict(x)#预测数据\n",
    "np.mean(y_new==y.ravel()) #精确度为82.6%"
   ]
  },
  {
   "cell_type": "code",
   "execution_count": 11,
   "metadata": {},
   "outputs": [
    {
     "data": {
      "text/plain": "array([[9.87150210e-01, 4.92069185e-04, 1.23577206e-02],\n       [9.83611269e-01, 3.86352687e-03, 1.25252038e-02],\n       [9.88755442e-01, 6.59089253e-04, 1.05854682e-02],\n       [9.89905890e-01, 1.89268040e-03, 8.20142984e-03],\n       [9.90473832e-01, 2.64494496e-04, 9.26167309e-03],\n       [9.92623317e-01, 3.01303170e-03, 4.36365166e-03],\n       [9.94109394e-01, 7.83180270e-04, 5.10742539e-03],\n       [9.88399075e-01, 9.68018598e-04, 1.06329065e-02],\n       [9.89588761e-01, 2.36783571e-03, 8.04340370e-03],\n       [9.84464321e-01, 1.46993800e-03, 1.40657412e-02],\n       [9.85864508e-01, 5.00945176e-04, 1.36345466e-02],\n       [9.91852238e-01, 1.00799911e-03, 7.13976306e-03],\n       [9.84493497e-01, 1.40880148e-03, 1.40977014e-02],\n       [9.88340606e-01, 1.54399978e-04, 1.15049939e-02],\n       [9.73782385e-01, 7.02952722e-05, 2.61473196e-02],\n       [9.96939588e-01, 3.87536841e-04, 2.67287534e-03],\n       [9.92315220e-01, 6.00829835e-04, 7.08395003e-03],\n       [9.89210077e-01, 1.18064830e-03, 9.60927477e-03],\n       [9.85708205e-01, 2.86694538e-03, 1.14248497e-02],\n       [9.94408595e-01, 5.23550308e-04, 5.06785481e-03],\n       [9.81607705e-01, 4.11835886e-03, 1.42739360e-02],\n       [9.93300585e-01, 1.82561326e-03, 4.87380197e-03],\n       [9.92278224e-01, 2.27220227e-05, 7.69905444e-03],\n       [9.61282267e-01, 3.23677336e-02, 6.34999939e-03],\n       [9.91629031e-01, 3.02792122e-03, 5.34304749e-03],\n       [9.79244852e-01, 9.36343433e-03, 1.13917133e-02],\n       [9.86703964e-01, 6.99691208e-03, 6.29912356e-03],\n       [9.86423101e-01, 8.71573344e-04, 1.27053260e-02],\n       [9.83703454e-01, 9.42457929e-04, 1.53540884e-02],\n       [9.90153974e-01, 2.05831154e-03, 7.78771440e-03],\n       [9.86695183e-01, 3.92461338e-03, 9.38020316e-03],\n       [9.79085558e-01, 9.62178972e-03, 1.12926525e-02],\n       [9.94047139e-01, 2.44654039e-05, 5.92839525e-03],\n       [9.92731637e-01, 4.75449073e-05, 7.22081805e-03],\n       [9.84464321e-01, 1.46993800e-03, 1.40657412e-02],\n       [9.82551725e-01, 7.93740948e-04, 1.66545338e-02],\n       [9.76097432e-01, 6.82949581e-04, 2.32196180e-02],\n       [9.84464321e-01, 1.46993800e-03, 1.40657412e-02],\n       [9.90581095e-01, 9.92087432e-04, 8.42681714e-03],\n       [9.86688936e-01, 1.15581773e-03, 1.21552462e-02],\n       [9.90032526e-01, 6.68350551e-04, 9.29912385e-03],\n       [8.98101599e-01, 9.58961569e-02, 6.00224395e-03],\n       [9.92626516e-01, 3.79123844e-04, 6.99436048e-03],\n       [9.76499116e-01, 1.95856820e-02, 3.91520244e-03],\n       [9.91607784e-01, 5.86927053e-03, 2.52294563e-03],\n       [9.83613620e-01, 6.67016746e-03, 9.71621239e-03],\n       [9.93681961e-01, 3.08386345e-04, 6.00965274e-03],\n       [9.90853767e-01, 8.10374529e-04, 8.33585824e-03],\n       [9.87947850e-01, 4.24353326e-04, 1.16277963e-02],\n       [9.86115411e-01, 1.05194080e-03, 1.28326485e-02],\n       [1.33788014e-02, 8.68803484e-01, 1.17817715e-01],\n       [2.46074056e-02, 8.43345651e-01, 1.32046943e-01],\n       [1.14756739e-02, 7.57209039e-01, 2.31315287e-01],\n       [9.00030741e-03, 9.07530377e-01, 8.34693156e-02],\n       [1.12720300e-02, 7.77492605e-01, 2.11235365e-01],\n       [2.66288085e-02, 8.56732374e-01, 1.16638818e-01],\n       [2.48593939e-02, 7.81741954e-01, 1.93398652e-01],\n       [5.33803700e-02, 9.29683747e-01, 1.69358828e-02],\n       [1.53907061e-02, 8.84482025e-01, 1.00127269e-01],\n       [3.59976913e-02, 8.75421480e-01, 8.85808287e-02],\n       [7.68849360e-03, 9.74963767e-01, 1.73477396e-02],\n       [3.25530339e-02, 8.47604600e-01, 1.19842366e-01],\n       [7.23246510e-03, 9.77069351e-01, 1.56981834e-02],\n       [1.98006795e-02, 7.97746665e-01, 1.82452655e-01],\n       [6.76077335e-02, 8.96933036e-01, 3.54592309e-02],\n       [1.86518381e-02, 8.89240677e-01, 9.21074847e-02],\n       [3.39786602e-02, 8.01557100e-01, 1.64464240e-01],\n       [3.84499187e-02, 9.31671120e-01, 2.98789608e-02],\n       [3.03463252e-03, 7.84311450e-01, 2.12653917e-01],\n       [2.44963821e-02, 9.41073368e-01, 3.44302502e-02],\n       [2.32105206e-02, 5.33268409e-01, 4.43521071e-01],\n       [2.68917874e-02, 9.15680643e-01, 5.74275701e-02],\n       [6.00039336e-03, 6.13396075e-01, 3.80603532e-01],\n       [2.05435856e-02, 8.74224939e-01, 1.05231475e-01],\n       [2.13780830e-02, 9.06284845e-01, 7.23370720e-02],\n       [1.78201130e-02, 8.81195374e-01, 1.00984513e-01],\n       [9.13239389e-03, 8.21795652e-01, 1.69071954e-01],\n       [1.03749380e-02, 4.64952577e-01, 5.24672485e-01],\n       [2.07625826e-02, 7.81365556e-01, 1.97871861e-01],\n       [4.98177730e-02, 9.33892881e-01, 1.62893464e-02],\n       [2.01823204e-02, 9.48157987e-01, 3.16596924e-02],\n       [2.56755788e-02, 9.53716064e-01, 2.06083575e-02],\n       [3.29113547e-02, 9.24837671e-01, 4.22509740e-02],\n       [9.58841666e-03, 3.78538993e-01, 6.11872590e-01],\n       [3.87659783e-02, 8.06862604e-01, 1.54371418e-01],\n       [4.06781208e-02, 8.54423356e-01, 1.04898523e-01],\n       [1.48012410e-02, 7.98401413e-01, 1.86797346e-01],\n       [4.85217913e-03, 9.21647011e-01, 7.35008098e-02],\n       [5.85201832e-02, 8.90310804e-01, 5.11690124e-02],\n       [1.78394995e-02, 9.01208238e-01, 8.09522627e-02],\n       [2.13319628e-02, 8.87814538e-01, 9.08534992e-02],\n       [2.53240003e-02, 8.32071209e-01, 1.42604790e-01],\n       [2.32558611e-02, 9.27667498e-01, 4.90766411e-02],\n       [3.44578899e-02, 9.48817199e-01, 1.67249115e-02],\n       [2.64973738e-02, 8.85007387e-01, 8.84952389e-02],\n       [5.87588852e-02, 8.97403969e-01, 4.38371458e-02],\n       [4.08344290e-02, 8.89542007e-01, 6.96235643e-02],\n       [2.55907679e-02, 8.97761402e-01, 7.66478302e-02],\n       [7.55349924e-02, 9.07911986e-01, 1.65530211e-02],\n       [3.44245664e-02, 8.95689569e-01, 6.98858648e-02],\n       [1.09863153e-02, 2.28079336e-04, 9.88785605e-01],\n       [8.16963159e-03, 7.83345625e-02, 9.13495806e-01],\n       [7.01155828e-03, 2.58167700e-03, 9.90406765e-01],\n       [1.01354444e-02, 6.84119659e-02, 9.21452590e-01],\n       [8.75851493e-03, 1.79334397e-03, 9.89448141e-01],\n       [6.68192603e-03, 1.06940899e-04, 9.93211133e-01],\n       [8.50908180e-03, 3.93576249e-01, 5.97914669e-01],\n       [6.45618588e-03, 5.36856137e-03, 9.88175253e-01],\n       [4.13319755e-03, 1.29176059e-02, 9.82949197e-01],\n       [7.27773310e-03, 3.92202505e-04, 9.92330064e-01],\n       [1.23826128e-02, 1.48639959e-01, 8.38977428e-01],\n       [6.68764966e-03, 4.77595262e-02, 9.45552824e-01],\n       [7.90716135e-03, 1.16617298e-02, 9.80431109e-01],\n       [4.80346753e-03, 2.85328709e-02, 9.66663662e-01],\n       [7.07178791e-03, 1.52643307e-03, 9.91401779e-01],\n       [1.06366395e-02, 9.40992183e-03, 9.79953439e-01],\n       [1.07834647e-02, 1.15212700e-01, 8.74003835e-01],\n       [5.19467682e-03, 1.24772387e-03, 9.93557599e-01],\n       [6.13543004e-03, 3.47554806e-07, 9.93864222e-01],\n       [2.77289008e-03, 4.74876178e-01, 5.22350932e-01],\n       [8.35313286e-03, 1.98776263e-03, 9.89659105e-01],\n       [1.04033972e-02, 8.29615845e-02, 9.06635018e-01],\n       [5.61617512e-03, 8.33009094e-05, 9.94300524e-01],\n       [7.85266779e-03, 2.42047616e-01, 7.50099716e-01],\n       [1.06615656e-02, 1.98204594e-02, 9.69517975e-01],\n       [8.38508119e-03, 4.29339461e-02, 9.48680973e-01],\n       [1.00982754e-02, 3.17118640e-01, 6.72783084e-01],\n       [1.45930164e-02, 3.58513462e-01, 6.26893522e-01],\n       [7.06202474e-03, 4.38339506e-03, 9.88554580e-01],\n       [7.79772026e-03, 1.77788602e-01, 8.14413678e-01],\n       [5.19470745e-03, 3.72243879e-03, 9.91082854e-01],\n       [3.81925510e-03, 1.81224985e-02, 9.78058246e-01],\n       [6.80687418e-03, 1.69261055e-03, 9.91500515e-01],\n       [1.10119709e-02, 5.60760785e-01, 4.28227244e-01],\n       [7.83546713e-03, 3.22088932e-01, 6.70075601e-01],\n       [5.40257248e-03, 1.19651709e-04, 9.94477776e-01],\n       [1.17851348e-02, 4.28402515e-03, 9.83930840e-01],\n       [1.28816166e-02, 1.49066936e-01, 8.38051448e-01],\n       [1.59002496e-02, 4.03734157e-01, 5.80365594e-01],\n       [8.21201302e-03, 2.24093646e-02, 9.69378622e-01],\n       [8.32312925e-03, 7.33375091e-04, 9.90943496e-01],\n       [7.61337407e-03, 9.76942868e-03, 9.82617197e-01],\n       [8.16963159e-03, 7.83345625e-02, 9.13495806e-01],\n       [9.03250743e-03, 1.00558189e-03, 9.89961911e-01],\n       [9.16611902e-03, 4.95729876e-04, 9.90338151e-01],\n       [7.71817267e-03, 5.09631816e-03, 9.87185509e-01],\n       [4.73558382e-03, 7.26258549e-02, 9.22638561e-01],\n       [9.87613009e-03, 6.66581253e-02, 9.23465745e-01],\n       [1.33575057e-02, 1.98998011e-02, 9.66742693e-01],\n       [1.54110861e-02, 2.70011816e-01, 7.14577097e-01]])"
     },
     "execution_count": 11,
     "metadata": {},
     "output_type": "execute_result"
    }
   ],
   "source": [
    "y_new_prob=lr.predict_proba(x) #预测\n",
    "y_new_prob"
   ]
  },
  {
   "cell_type": "code",
   "execution_count": null,
   "metadata": {},
   "outputs": [],
   "source": []
  }
 ],
 "metadata": {
  "kernelspec": {
   "display_name": "Python 3.7.4 64-bit ('base': conda)",
   "language": "python",
   "name": "python37464bitbaseconda8231b553a06a41f0b34d01c495b56608"
  },
  "language_info": {
   "codemirror_mode": {
    "name": "ipython",
    "version": 2
   },
   "file_extension": ".py",
   "mimetype": "text/x-python",
   "name": "python",
   "nbconvert_exporter": "python",
   "pygments_lexer": "ipython2",
   "version": "3.7.4-final"
  }
 },
 "nbformat": 4,
 "nbformat_minor": 0
}